SECTRUM
Design Spectrum X
0  0  0  1
0.05  401
0.00  1.372931
0.01  1.395813
0.02  1.418695
0.03  1.441578
0.04  1.464460
0.05  1.487342
0.06  1.510224
0.07  1.533106
0.08  1.555988
0.09  1.578871
0.10  1.601753
0.11  1.624635
0.12  1.647517
0.13  1.670399
0.14  1.693282
0.15  1.716164
0.16  1.716164
0.17  1.716164
0.18  1.716164
0.19  1.716164
0.20  1.716164
0.21  1.716164
0.22  1.716164
0.23  1.716164
0.24  1.716164
0.25  1.716164
0.26  1.716164
0.27  1.716164
0.28  1.716164
0.29  1.716164
0.30  1.716164
0.31  1.716164
0.32  1.716164
0.33  1.716164
0.34  1.716164
0.35  1.716164
0.36  1.716164
0.37  1.716164
0.38  1.716164
0.39  1.716164
0.40  1.716164
0.41  1.716164
0.42  1.716164
0.43  1.716164
0.44  1.716164
0.45  1.716164
0.46  1.716164
0.47  1.716164
0.48  1.716164
0.49  1.716164
0.50  1.716164
0.51  1.682513
0.52  1.650157
0.53  1.619022
0.54  1.589041
0.55  1.560149
0.56  1.532289
0.57  1.505407
0.58  1.479452
0.59  1.454376
0.60  1.430136
0.61  1.406692
0.62  1.384003
0.63  1.362035
0.64  1.340753
0.65  1.320126
0.66  1.300124
0.67  1.280719
0.68  1.261885
0.69  1.243597
0.70  1.225831
0.71  1.208566
0.72  1.191780
0.73  1.175455
0.74  1.159570
0.75  1.144109
0.76  1.129055
0.77  1.114392
0.78  1.100105
0.79  1.086180
0.80  1.072602
0.81  1.059360
0.82  1.046441
0.83  1.033834
0.84  1.021526
0.85  1.009508
0.86  0.997770
0.87  0.986301
0.88  0.975093
0.89  0.964137
0.90  0.953424
0.91  0.942947
0.92  0.932698
0.93  0.922669
0.94  0.912853
0.95  0.903244
0.96  0.893835
0.97  0.884620
0.98  0.875594
0.99  0.866749
1.00  0.858082
1.01  0.849586
1.02  0.841257
1.03  0.833089
1.04  0.825079
1.05  0.817221
1.06  0.809511
1.07  0.801946
1.08  0.794520
1.09  0.787231
1.10  0.780074
1.11  0.773047
1.12  0.766145
1.13  0.759364
1.14  0.752703
1.15  0.746158
1.16  0.739726
1.17  0.733403
1.18  0.727188
1.19  0.721077
1.20  0.715068
1.21  0.709159
1.22  0.703346
1.23  0.697628
1.24  0.692002
1.25  0.686466
1.26  0.681017
1.27  0.675655
1.28  0.670376
1.29  0.665180
1.30  0.660063
1.31  0.655024
1.32  0.650062
1.33  0.645174
1.34  0.640360
1.35  0.635616
1.36  0.630943
1.37  0.626337
1.38  0.621798
1.39  0.617325
1.40  0.612916
1.41  0.608569
1.42  0.604283
1.43  0.600057
1.44  0.595890
1.45  0.591781
1.46  0.587727
1.47  0.583729
1.48  0.579785
1.49  0.575894
1.50  0.572055
1.51  0.568266
1.52  0.564528
1.53  0.560838
1.54  0.557196
1.55  0.553601
1.56  0.550052
1.57  0.546549
1.58  0.543090
1.59  0.539674
1.60  0.536301
1.61  0.532970
1.62  0.529680
1.63  0.526431
1.64  0.523221
1.65  0.520050
1.66  0.516917
1.67  0.513821
1.68  0.510763
1.69  0.507741
1.70  0.504754
1.71  0.501802
1.72  0.498885
1.73  0.496001
1.74  0.493151
1.75  0.490333
1.76  0.487547
1.77  0.484792
1.78  0.482068
1.79  0.479375
1.80  0.476712
1.81  0.474078
1.82  0.471474
1.83  0.468897
1.84  0.466349
1.85  0.463828
1.86  0.461334
1.87  0.458867
1.88  0.456427
1.89  0.454012
1.90  0.451622
1.91  0.449258
1.92  0.446918
1.93  0.444602
1.94  0.442310
1.95  0.440042
1.96  0.437797
1.97  0.435575
1.98  0.433375
1.99  0.431197
2.00  0.429041
2.01  0.424782
2.02  0.420587
2.03  0.416454
2.04  0.412381
2.05  0.408367
2.06  0.404412
2.07  0.400514
2.08  0.396672
2.09  0.392886
2.10  0.389153
2.11  0.385473
2.12  0.381845
2.13  0.378268
2.14  0.374741
2.15  0.371263
2.16  0.367833
2.17  0.364451
2.18  0.361115
2.19  0.357825
2.20  0.354579
2.21  0.351378
2.22  0.348219
2.23  0.345103
2.24  0.343233
2.25  0.343233
2.26  0.343233
2.27  0.343233
2.28  0.343233
2.29  0.343233
2.30  0.343233
2.31  0.343233
2.32  0.343233
2.33  0.343233
2.34  0.343233
2.35  0.343233
2.36  0.343233
2.37  0.343233
2.38  0.343233
2.39  0.343233
2.40  0.343233
2.41  0.343233
2.42  0.343233
2.43  0.343233
2.44  0.343233
2.45  0.343233
2.46  0.343233
2.47  0.343233
2.48  0.343233
2.49  0.343233
2.50  0.343233
2.51  0.343233
2.52  0.343233
2.53  0.343233
2.54  0.343233
2.55  0.343233
2.56  0.343233
2.57  0.343233
2.58  0.343233
2.59  0.343233
2.60  0.343233
2.61  0.343233
2.62  0.343233
2.63  0.343233
2.64  0.343233
2.65  0.343233
2.66  0.343233
2.67  0.343233
2.68  0.343233
2.69  0.343233
2.70  0.343233
2.71  0.343233
2.72  0.343233
2.73  0.343233
2.74  0.343233
2.75  0.343233
2.76  0.343233
2.77  0.343233
2.78  0.343233
2.79  0.343233
2.80  0.343233
2.81  0.343233
2.82  0.343233
2.83  0.343233
2.84  0.343233
2.85  0.343233
2.86  0.343233
2.87  0.343233
2.88  0.343233
2.89  0.343233
2.90  0.343233
2.91  0.343233
2.92  0.343233
2.93  0.343233
2.94  0.343233
2.95  0.343233
2.96  0.343233
2.97  0.343233
2.98  0.343233
2.99  0.343233
3.00  0.343233
3.01  0.343233
3.02  0.343233
3.03  0.343233
3.04  0.343233
3.05  0.343233
3.06  0.343233
3.07  0.343233
3.08  0.343233
3.09  0.343233
3.10  0.343233
3.11  0.343233
3.12  0.343233
3.13  0.343233
3.14  0.343233
3.15  0.343233
3.16  0.343233
3.17  0.343233
3.18  0.343233
3.19  0.343233
3.20  0.343233
3.21  0.343233
3.22  0.343233
3.23  0.343233
3.24  0.343233
3.25  0.343233
3.26  0.343233
3.27  0.343233
3.28  0.343233
3.29  0.343233
3.30  0.343233
3.31  0.343233
3.32  0.343233
3.33  0.343233
3.34  0.343233
3.35  0.343233
3.36  0.343233
3.37  0.343233
3.38  0.343233
3.39  0.343233
3.40  0.343233
3.41  0.343233
3.42  0.343233
3.43  0.343233
3.44  0.343233
3.45  0.343233
3.46  0.343233
3.47  0.343233
3.48  0.343233
3.49  0.343233
3.50  0.343233
3.51  0.343233
3.52  0.343233
3.53  0.343233
3.54  0.343233
3.55  0.343233
3.56  0.343233
3.57  0.343233
3.58  0.343233
3.59  0.343233
3.60  0.343233
3.61  0.343233
3.62  0.343233
3.63  0.343233
3.64  0.343233
3.65  0.343233
3.66  0.343233
3.67  0.343233
3.68  0.343233
3.69  0.343233
3.70  0.343233
3.71  0.343233
3.72  0.343233
3.73  0.343233
3.74  0.343233
3.75  0.343233
3.76  0.343233
3.77  0.343233
3.78  0.343233
3.79  0.343233
3.80  0.343233
3.81  0.343233
3.82  0.343233
3.83  0.343233
3.84  0.343233
3.85  0.343233
3.86  0.343233
3.87  0.343233
3.88  0.343233
3.89  0.343233
3.90  0.343233
3.91  0.343233
3.92  0.343233
3.93  0.343233
3.94  0.343233
3.95  0.343233
3.96  0.343233
3.97  0.343233
3.98  0.343233
3.99  0.343233
4.00  0.343233
