SECTRUM
Design Spectrum Y
0  0  0  1
0.05  401
0.00  1.765197
0.01  1.794617
0.02  1.824037
0.03  1.853457
0.04  1.882877
0.05  1.912297
0.06  1.941717
0.07  1.971137
0.08  2.000557
0.09  2.029977
0.10  2.059396
0.11  2.088816
0.12  2.118236
0.13  2.147656
0.14  2.177076
0.15  2.206496
0.16  2.206496
0.17  2.206496
0.18  2.206496
0.19  2.206496
0.20  2.206496
0.21  2.206496
0.22  2.206496
0.23  2.206496
0.24  2.206496
0.25  2.206496
0.26  2.206496
0.27  2.206496
0.28  2.206496
0.29  2.206496
0.30  2.206496
0.31  2.206496
0.32  2.206496
0.33  2.206496
0.34  2.206496
0.35  2.206496
0.36  2.206496
0.37  2.206496
0.38  2.206496
0.39  2.206496
0.40  2.206496
0.41  2.206496
0.42  2.206496
0.43  2.206496
0.44  2.206496
0.45  2.206496
0.46  2.206496
0.47  2.206496
0.48  2.206496
0.49  2.206496
0.50  2.206496
0.51  2.163232
0.52  2.121631
0.53  2.081600
0.54  2.043052
0.55  2.005906
0.56  1.970086
0.57  1.935523
0.58  1.902152
0.59  1.869912
0.60  1.838747
0.61  1.808603
0.62  1.779432
0.63  1.751187
0.64  1.723825
0.65  1.697305
0.66  1.671588
0.67  1.646639
0.68  1.622424
0.69  1.598910
0.70  1.576069
0.71  1.553871
0.72  1.532289
0.73  1.511299
0.74  1.490876
0.75  1.470997
0.76  1.451642
0.77  1.432790
0.78  1.414421
0.79  1.396517
0.80  1.379060
0.81  1.362035
0.82  1.345425
0.83  1.329215
0.84  1.313391
0.85  1.297939
0.86  1.282847
0.87  1.268101
0.88  1.253691
0.89  1.239605
0.90  1.225831
0.91  1.212361
0.92  1.199183
0.93  1.186288
0.94  1.173668
0.95  1.161314
0.96  1.149217
0.97  1.137369
0.98  1.125763
0.99  1.114392
1.00  1.103248
1.01  1.092325
1.02  1.081616
1.03  1.071115
1.04  1.060816
1.05  1.050712
1.06  1.040800
1.07  1.031073
1.08  1.021526
1.09  1.012154
1.10  1.002953
1.11  0.993917
1.12  0.985043
1.13  0.976326
1.14  0.967762
1.15  0.959346
1.16  0.951076
1.17  0.942947
1.18  0.934956
1.19  0.927099
1.20  0.919373
1.21  0.911775
1.22  0.904302
1.23  0.896950
1.24  0.889716
1.25  0.882598
1.26  0.875594
1.27  0.868699
1.28  0.861913
1.29  0.855231
1.30  0.848652
1.31  0.842174
1.32  0.835794
1.33  0.829510
1.34  0.823319
1.35  0.817221
1.36  0.811212
1.37  0.805291
1.38  0.799455
1.39  0.793704
1.40  0.788034
1.41  0.782445
1.42  0.776935
1.43  0.771502
1.44  0.766145
1.45  0.760861
1.46  0.755649
1.47  0.750509
1.48  0.745438
1.49  0.740435
1.50  0.735499
1.51  0.730628
1.52  0.725821
1.53  0.721077
1.54  0.716395
1.55  0.711773
1.56  0.707210
1.57  0.702706
1.58  0.698258
1.59  0.693867
1.60  0.689530
1.61  0.685247
1.62  0.681017
1.63  0.676839
1.64  0.672712
1.65  0.668635
1.66  0.664607
1.67  0.660628
1.68  0.656695
1.69  0.652810
1.70  0.648969
1.71  0.645174
1.72  0.641423
1.73  0.637716
1.74  0.634051
1.75  0.630427
1.76  0.626846
1.77  0.623304
1.78  0.619802
1.79  0.616340
1.80  0.612916
1.81  0.609529
1.82  0.606180
1.83  0.602868
1.84  0.599591
1.85  0.596350
1.86  0.593144
1.87  0.589972
1.88  0.586834
1.89  0.583729
1.90  0.580657
1.91  0.577617
1.92  0.574608
1.93  0.571631
1.94  0.568685
1.95  0.565768
1.96  0.562882
1.97  0.560024
1.98  0.557196
1.99  0.554396
2.00  0.551624
2.01  0.546149
2.02  0.540755
2.03  0.535440
2.04  0.530204
2.05  0.525044
2.06  0.519959
2.07  0.514947
2.08  0.510007
2.09  0.505139
2.10  0.500339
2.11  0.495608
2.12  0.490943
2.13  0.486344
2.14  0.481810
2.15  0.477338
2.16  0.472929
2.17  0.468580
2.18  0.464291
2.19  0.460061
2.20  0.455888
2.21  0.451771
2.22  0.447710
2.23  0.443704
2.24  0.441299
2.25  0.441299
2.26  0.441299
2.27  0.441299
2.28  0.441299
2.29  0.441299
2.30  0.441299
2.31  0.441299
2.32  0.441299
2.33  0.441299
2.34  0.441299
2.35  0.441299
2.36  0.441299
2.37  0.441299
2.38  0.441299
2.39  0.441299
2.40  0.441299
2.41  0.441299
2.42  0.441299
2.43  0.441299
2.44  0.441299
2.45  0.441299
2.46  0.441299
2.47  0.441299
2.48  0.441299
2.49  0.441299
2.50  0.441299
2.51  0.441299
2.52  0.441299
2.53  0.441299
2.54  0.441299
2.55  0.441299
2.56  0.441299
2.57  0.441299
2.58  0.441299
2.59  0.441299
2.60  0.441299
2.61  0.441299
2.62  0.441299
2.63  0.441299
2.64  0.441299
2.65  0.441299
2.66  0.441299
2.67  0.441299
2.68  0.441299
2.69  0.441299
2.70  0.441299
2.71  0.441299
2.72  0.441299
2.73  0.441299
2.74  0.441299
2.75  0.441299
2.76  0.441299
2.77  0.441299
2.78  0.441299
2.79  0.441299
2.80  0.441299
2.81  0.441299
2.82  0.441299
2.83  0.441299
2.84  0.441299
2.85  0.441299
2.86  0.441299
2.87  0.441299
2.88  0.441299
2.89  0.441299
2.90  0.441299
2.91  0.441299
2.92  0.441299
2.93  0.441299
2.94  0.441299
2.95  0.441299
2.96  0.441299
2.97  0.441299
2.98  0.441299
2.99  0.441299
3.00  0.441299
3.01  0.441299
3.02  0.441299
3.03  0.441299
3.04  0.441299
3.05  0.441299
3.06  0.441299
3.07  0.441299
3.08  0.441299
3.09  0.441299
3.10  0.441299
3.11  0.441299
3.12  0.441299
3.13  0.441299
3.14  0.441299
3.15  0.441299
3.16  0.441299
3.17  0.441299
3.18  0.441299
3.19  0.441299
3.20  0.441299
3.21  0.441299
3.22  0.441299
3.23  0.441299
3.24  0.441299
3.25  0.441299
3.26  0.441299
3.27  0.441299
3.28  0.441299
3.29  0.441299
3.30  0.441299
3.31  0.441299
3.32  0.441299
3.33  0.441299
3.34  0.441299
3.35  0.441299
3.36  0.441299
3.37  0.441299
3.38  0.441299
3.39  0.441299
3.40  0.441299
3.41  0.441299
3.42  0.441299
3.43  0.441299
3.44  0.441299
3.45  0.441299
3.46  0.441299
3.47  0.441299
3.48  0.441299
3.49  0.441299
3.50  0.441299
3.51  0.441299
3.52  0.441299
3.53  0.441299
3.54  0.441299
3.55  0.441299
3.56  0.441299
3.57  0.441299
3.58  0.441299
3.59  0.441299
3.60  0.441299
3.61  0.441299
3.62  0.441299
3.63  0.441299
3.64  0.441299
3.65  0.441299
3.66  0.441299
3.67  0.441299
3.68  0.441299
3.69  0.441299
3.70  0.441299
3.71  0.441299
3.72  0.441299
3.73  0.441299
3.74  0.441299
3.75  0.441299
3.76  0.441299
3.77  0.441299
3.78  0.441299
3.79  0.441299
3.80  0.441299
3.81  0.441299
3.82  0.441299
3.83  0.441299
3.84  0.441299
3.85  0.441299
3.86  0.441299
3.87  0.441299
3.88  0.441299
3.89  0.441299
3.90  0.441299
3.91  0.441299
3.92  0.441299
3.93  0.441299
3.94  0.441299
3.95  0.441299
3.96  0.441299
3.97  0.441299
3.98  0.441299
3.99  0.441299
4.00  0.441299
