SECTRUM
Design Spectrum Z
0  0  0  1
0.05  401
0.00  1.569064
0.01  1.595215
0.02  1.621366
0.03  1.647517
0.04  1.673668
0.05  1.699819
0.06  1.725970
0.07  1.752121
0.08  1.778273
0.09  1.804424
0.10  1.830575
0.11  1.856726
0.12  1.882877
0.13  1.909028
0.14  1.935179
0.15  1.961330
0.16  1.961330
0.17  1.961330
0.18  1.961330
0.19  1.961330
0.20  1.961330
0.21  1.961330
0.22  1.961330
0.23  1.961330
0.24  1.961330
0.25  1.961330
0.26  1.961330
0.27  1.961330
0.28  1.961330
0.29  1.961330
0.30  1.961330
0.31  1.961330
0.32  1.961330
0.33  1.961330
0.34  1.961330
0.35  1.961330
0.36  1.961330
0.37  1.961330
0.38  1.961330
0.39  1.961330
0.40  1.961330
0.41  1.961330
0.42  1.961330
0.43  1.961330
0.44  1.961330
0.45  1.961330
0.46  1.961330
0.47  1.961330
0.48  1.961330
0.49  1.961330
0.50  1.961330
0.51  1.922873
0.52  1.885894
0.53  1.850311
0.54  1.816046
0.55  1.783027
0.56  1.751187
0.57  1.720465
0.58  1.690802
0.59  1.662144
0.60  1.634442
0.61  1.607648
0.62  1.581718
0.63  1.556611
0.64  1.532289
0.65  1.508715
0.66  1.485856
0.67  1.463679
0.68  1.442154
0.69  1.421254
0.70  1.400950
0.71  1.381218
0.72  1.362035
0.73  1.343377
0.74  1.325223
0.75  1.307553
0.76  1.290349
0.77  1.273591
0.78  1.257263
0.79  1.241348
0.80  1.225831
0.81  1.210698
0.82  1.195933
0.83  1.181524
0.84  1.167458
0.85  1.153724
0.86  1.140308
0.87  1.127201
0.88  1.114392
0.89  1.101871
0.90  1.089628
0.91  1.077654
0.92  1.065940
0.93  1.054478
0.94  1.043261
0.95  1.032279
0.96  1.021526
0.97  1.010995
0.98  1.000679
0.99  0.990571
1.00  0.980665
1.01  0.970955
1.02  0.961436
1.03  0.952102
1.04  0.942947
1.05  0.933967
1.06  0.925156
1.07  0.916509
1.08  0.908023
1.09  0.899693
1.10  0.891514
1.11  0.883482
1.12  0.875594
1.13  0.867845
1.14  0.860232
1.15  0.852752
1.16  0.845401
1.17  0.838175
1.18  0.831072
1.19  0.824088
1.20  0.817221
1.21  0.810467
1.22  0.803824
1.23  0.797289
1.24  0.790859
1.25  0.784532
1.26  0.778306
1.27  0.772177
1.28  0.766145
1.29  0.760205
1.30  0.754358
1.31  0.748599
1.32  0.742928
1.33  0.737342
1.34  0.731840
1.35  0.726419
1.36  0.721077
1.37  0.715814
1.38  0.710627
1.39  0.705514
1.40  0.700475
1.41  0.695507
1.42  0.690609
1.43  0.685780
1.44  0.681017
1.45  0.676321
1.46  0.671688
1.47  0.667119
1.48  0.662611
1.49  0.658164
1.50  0.653777
1.51  0.649447
1.52  0.645174
1.53  0.640958
1.54  0.636795
1.55  0.632687
1.56  0.628631
1.57  0.624627
1.58  0.620674
1.59  0.616770
1.60  0.612916
1.61  0.609109
1.62  0.605349
1.63  0.601635
1.64  0.597966
1.65  0.594342
1.66  0.590762
1.67  0.587225
1.68  0.583729
1.69  0.580275
1.70  0.576862
1.71  0.573488
1.72  0.570154
1.73  0.566858
1.74  0.563601
1.75  0.560380
1.76  0.557196
1.77  0.554048
1.78  0.550935
1.79  0.547858
1.80  0.544814
1.81  0.541804
1.82  0.538827
1.83  0.535883
1.84  0.532970
1.85  0.530089
1.86  0.527239
1.87  0.524420
1.88  0.521630
1.89  0.518870
1.90  0.516139
1.91  0.513437
1.92  0.510763
1.93  0.508117
1.94  0.505497
1.95  0.502905
1.96  0.500339
1.97  0.497799
1.98  0.495285
1.99  0.492796
2.00  0.490333
2.01  0.485466
2.02  0.480671
2.03  0.475947
2.04  0.471292
2.05  0.466706
2.06  0.462185
2.07  0.457731
2.08  0.453340
2.09  0.449012
2.10  0.444746
2.11  0.440540
2.12  0.436394
2.13  0.432306
2.14  0.428275
2.15  0.424301
2.16  0.420381
2.17  0.416516
2.18  0.412703
2.19  0.408943
2.20  0.405233
2.21  0.401574
2.22  0.397965
2.23  0.394404
2.24  0.392266
2.25  0.392266
2.26  0.392266
2.27  0.392266
2.28  0.392266
2.29  0.392266
2.30  0.392266
2.31  0.392266
2.32  0.392266
2.33  0.392266
2.34  0.392266
2.35  0.392266
2.36  0.392266
2.37  0.392266
2.38  0.392266
2.39  0.392266
2.40  0.392266
2.41  0.392266
2.42  0.392266
2.43  0.392266
2.44  0.392266
2.45  0.392266
2.46  0.392266
2.47  0.392266
2.48  0.392266
2.49  0.392266
2.50  0.392266
2.51  0.392266
2.52  0.392266
2.53  0.392266
2.54  0.392266
2.55  0.392266
2.56  0.392266
2.57  0.392266
2.58  0.392266
2.59  0.392266
2.60  0.392266
2.61  0.392266
2.62  0.392266
2.63  0.392266
2.64  0.392266
2.65  0.392266
2.66  0.392266
2.67  0.392266
2.68  0.392266
2.69  0.392266
2.70  0.392266
2.71  0.392266
2.72  0.392266
2.73  0.392266
2.74  0.392266
2.75  0.392266
2.76  0.392266
2.77  0.392266
2.78  0.392266
2.79  0.392266
2.80  0.392266
2.81  0.392266
2.82  0.392266
2.83  0.392266
2.84  0.392266
2.85  0.392266
2.86  0.392266
2.87  0.392266
2.88  0.392266
2.89  0.392266
2.90  0.392266
2.91  0.392266
2.92  0.392266
2.93  0.392266
2.94  0.392266
2.95  0.392266
2.96  0.392266
2.97  0.392266
2.98  0.392266
2.99  0.392266
3.00  0.392266
3.01  0.392266
3.02  0.392266
3.03  0.392266
3.04  0.392266
3.05  0.392266
3.06  0.392266
3.07  0.392266
3.08  0.392266
3.09  0.392266
3.10  0.392266
3.11  0.392266
3.12  0.392266
3.13  0.392266
3.14  0.392266
3.15  0.392266
3.16  0.392266
3.17  0.392266
3.18  0.392266
3.19  0.392266
3.20  0.392266
3.21  0.392266
3.22  0.392266
3.23  0.392266
3.24  0.392266
3.25  0.392266
3.26  0.392266
3.27  0.392266
3.28  0.392266
3.29  0.392266
3.30  0.392266
3.31  0.392266
3.32  0.392266
3.33  0.392266
3.34  0.392266
3.35  0.392266
3.36  0.392266
3.37  0.392266
3.38  0.392266
3.39  0.392266
3.40  0.392266
3.41  0.392266
3.42  0.392266
3.43  0.392266
3.44  0.392266
3.45  0.392266
3.46  0.392266
3.47  0.392266
3.48  0.392266
3.49  0.392266
3.50  0.392266
3.51  0.392266
3.52  0.392266
3.53  0.392266
3.54  0.392266
3.55  0.392266
3.56  0.392266
3.57  0.392266
3.58  0.392266
3.59  0.392266
3.60  0.392266
3.61  0.392266
3.62  0.392266
3.63  0.392266
3.64  0.392266
3.65  0.392266
3.66  0.392266
3.67  0.392266
3.68  0.392266
3.69  0.392266
3.70  0.392266
3.71  0.392266
3.72  0.392266
3.73  0.392266
3.74  0.392266
3.75  0.392266
3.76  0.392266
3.77  0.392266
3.78  0.392266
3.79  0.392266
3.80  0.392266
3.81  0.392266
3.82  0.392266
3.83  0.392266
3.84  0.392266
3.85  0.392266
3.86  0.392266
3.87  0.392266
3.88  0.392266
3.89  0.392266
3.90  0.392266
3.91  0.392266
3.92  0.392266
3.93  0.392266
3.94  0.392266
3.95  0.392266
3.96  0.392266
3.97  0.392266
3.98  0.392266
3.99  0.392266
4.00  0.392266
