SECTRUM
Elastic Response Spectrum X
0  0  0  1
0.05  401
0.00  2.059397
0.01  2.265336
0.02  2.471276
0.03  2.677215
0.04  2.883155
0.05  3.089095
0.06  3.295034
0.07  3.500974
0.08  3.706914
0.09  3.912853
0.10  4.118793
0.11  4.324733
0.12  4.530672
0.13  4.736612
0.14  4.942552
0.15  5.148491
0.16  5.148491
0.17  5.148491
0.18  5.148491
0.19  5.148491
0.20  5.148491
0.21  5.148491
0.22  5.148491
0.23  5.148491
0.24  5.148491
0.25  5.148491
0.26  5.148491
0.27  5.148491
0.28  5.148491
0.29  5.148491
0.30  5.148491
0.31  5.148491
0.32  5.148491
0.33  5.148491
0.34  5.148491
0.35  5.148491
0.36  5.148491
0.37  5.148491
0.38  5.148491
0.39  5.148491
0.40  5.148491
0.41  5.148491
0.42  5.148491
0.43  5.148491
0.44  5.148491
0.45  5.148491
0.46  5.148491
0.47  5.148491
0.48  5.148491
0.49  5.148491
0.50  5.148491
0.51  5.047540
0.52  4.950472
0.53  4.857067
0.54  4.767122
0.55  4.680447
0.56  4.596867
0.57  4.516220
0.58  4.438355
0.59  4.363128
0.60  4.290409
0.61  4.220075
0.62  4.152009
0.63  4.086104
0.64  4.022259
0.65  3.960378
0.66  3.900372
0.67  3.842158
0.68  3.785655
0.69  3.730791
0.70  3.677494
0.71  3.625698
0.72  3.575341
0.73  3.526364
0.74  3.478710
0.75  3.432327
0.76  3.387165
0.77  3.343176
0.78  3.300315
0.79  3.258539
0.80  3.217807
0.81  3.178081
0.82  3.139324
0.83  3.101501
0.84  3.064578
0.85  3.028524
0.86  2.993309
0.87  2.958903
0.88  2.925279
0.89  2.892411
0.90  2.860273
0.91  2.828841
0.92  2.798093
0.93  2.768006
0.94  2.738559
0.95  2.709732
0.96  2.681506
0.97  2.653861
0.98  2.626781
0.99  2.600248
1.00  2.574246
1.01  2.548758
1.02  2.523770
1.03  2.499268
1.04  2.475236
1.05  2.451662
1.06  2.428534
1.07  2.405837
1.08  2.383561
1.09  2.361693
1.10  2.340223
1.11  2.319140
1.12  2.298434
1.13  2.278093
1.14  2.258110
1.15  2.238474
1.16  2.219177
1.17  2.200210
1.18  2.181564
1.19  2.163232
1.20  2.145205
1.21  2.127476
1.22  2.110037
1.23  2.092883
1.24  2.076005
1.25  2.059397
1.26  2.043052
1.27  2.026965
1.28  2.011129
1.29  1.995539
1.30  1.980189
1.31  1.965073
1.32  1.950186
1.33  1.935523
1.34  1.921079
1.35  1.906849
1.36  1.892828
1.37  1.879011
1.38  1.865395
1.39  1.851975
1.40  1.838747
1.41  1.825706
1.42  1.812849
1.43  1.800172
1.44  1.787671
1.45  1.775342
1.46  1.763182
1.47  1.751187
1.48  1.739355
1.49  1.727682
1.50  1.716164
1.51  1.704798
1.52  1.693583
1.53  1.682513
1.54  1.671588
1.55  1.660804
1.56  1.650157
1.57  1.639647
1.58  1.629269
1.59  1.619022
1.60  1.608904
1.61  1.598910
1.62  1.589041
1.63  1.579292
1.64  1.569662
1.65  1.560149
1.66  1.550750
1.67  1.541464
1.68  1.532289
1.69  1.523222
1.70  1.514262
1.71  1.505407
1.72  1.496654
1.73  1.488003
1.74  1.479452
1.75  1.470997
1.76  1.462640
1.77  1.454376
1.78  1.446205
1.79  1.438126
1.80  1.430136
1.81  1.422235
1.82  1.414421
1.83  1.406692
1.84  1.399047
1.85  1.391484
1.86  1.384003
1.87  1.376602
1.88  1.369280
1.89  1.362035
1.90  1.354866
1.91  1.347773
1.92  1.340753
1.93  1.333806
1.94  1.326931
1.95  1.320126
1.96  1.313391
1.97  1.306724
1.98  1.300124
1.99  1.293591
2.00  1.287123
2.01  1.274347
2.02  1.261761
2.03  1.249361
2.04  1.237142
2.05  1.225102
2.06  1.213237
2.07  1.201543
2.08  1.190017
2.09  1.178657
2.10  1.167458
2.11  1.156419
2.12  1.145535
2.13  1.134804
2.14  1.124223
2.15  1.113789
2.16  1.103500
2.17  1.093353
2.18  1.083346
2.19  1.073475
2.20  1.063738
2.21  1.054133
2.22  1.044658
2.23  1.035310
2.24  1.026086
2.25  1.016986
2.26  1.008006
2.27  0.999144
2.28  0.990399
2.29  0.981768
2.30  0.973250
2.31  0.964842
2.32  0.956542
2.33  0.948349
2.34  0.940261
2.35  0.932275
2.36  0.924392
2.37  0.916607
2.38  0.908921
2.39  0.901331
2.40  0.893835
2.41  0.886433
2.42  0.879122
2.43  0.871902
2.44  0.864769
2.45  0.857724
2.46  0.850765
2.47  0.843890
2.48  0.837099
2.49  0.830388
2.50  0.823759
2.51  0.817208
2.52  0.810735
2.53  0.804339
2.54  0.798018
2.55  0.791771
2.56  0.785597
2.57  0.779496
2.58  0.773465
2.59  0.767504
2.60  0.761611
2.61  0.755786
2.62  0.750028
2.63  0.744335
2.64  0.738707
2.65  0.733142
2.66  0.727640
2.67  0.722200
2.68  0.716820
2.69  0.711501
2.70  0.706240
2.71  0.701038
2.72  0.695893
2.73  0.690804
2.74  0.685771
2.75  0.680792
2.76  0.675868
2.77  0.670997
2.78  0.666178
2.79  0.661411
2.80  0.656695
2.81  0.652030
2.82  0.647414
2.83  0.642846
2.84  0.638327
2.85  0.633855
2.86  0.629431
2.87  0.625052
2.88  0.620719
2.89  0.616431
2.90  0.612187
2.91  0.607987
2.92  0.603829
2.93  0.599715
2.94  0.595642
2.95  0.591611
2.96  0.587620
2.97  0.583670
2.98  0.579759
2.99  0.575887
3.00  0.572055
3.01  0.568260
3.02  0.564503
3.03  0.560783
3.04  0.557100
3.05  0.553452
3.06  0.549841
3.07  0.546265
3.08  0.542723
3.09  0.539216
3.10  0.535743
3.11  0.532303
3.12  0.528897
3.13  0.525522
3.14  0.522181
3.15  0.518870
3.16  0.515592
3.17  0.512344
3.18  0.509127
3.19  0.505940
3.20  0.502782
3.21  0.499655
3.22  0.496556
3.23  0.493486
3.24  0.490445
3.25  0.487431
3.26  0.484445
3.27  0.481487
3.28  0.478555
3.29  0.475651
3.30  0.472772
3.31  0.469920
3.32  0.467093
3.33  0.464292
3.34  0.461516
3.35  0.458765
3.36  0.456038
3.37  0.453336
3.38  0.450657
3.39  0.448003
3.40  0.445371
3.41  0.442763
3.42  0.440177
3.43  0.437615
3.44  0.435074
3.45  0.432555
3.46  0.430059
3.47  0.427584
3.48  0.425130
3.49  0.422697
3.50  0.420285
3.51  0.417894
3.52  0.415523
3.53  0.413172
3.54  0.410841
3.55  0.408529
3.56  0.406237
3.57  0.403965
3.58  0.401711
3.59  0.399476
3.60  0.397260
3.61  0.395062
3.62  0.392883
3.63  0.390721
3.64  0.388577
3.65  0.386451
3.66  0.384342
3.67  0.382250
3.68  0.380176
3.69  0.378118
3.70  0.376077
3.71  0.374052
3.72  0.372044
3.73  0.370052
3.74  0.368075
3.75  0.366115
3.76  0.364170
3.77  0.362241
3.78  0.360327
3.79  0.358428
3.80  0.356544
3.81  0.354675
3.82  0.352820
3.83  0.350980
3.84  0.349154
3.85  0.347343
3.86  0.345546
3.87  0.343762
3.88  0.341992
3.89  0.340236
3.90  0.338494
3.91  0.336765
3.92  0.335049
3.93  0.333346
3.94  0.331656
3.95  0.329979
3.96  0.328314
3.97  0.326662
3.98  0.325023
3.99  0.323396
4.00  0.321781
