SECTRUM
Elastic Response Spectrum Y
0  0  0  1
0.05  401
0.00  2.647795
0.01  2.912575
0.02  3.177355
0.03  3.442134
0.04  3.706914
0.05  3.971693
0.06  4.236473
0.07  4.501252
0.08  4.766032
0.09  5.030811
0.10  5.295591
0.11  5.560371
0.12  5.825150
0.13  6.089930
0.14  6.354709
0.15  6.619489
0.16  6.619489
0.17  6.619489
0.18  6.619489
0.19  6.619489
0.20  6.619489
0.21  6.619489
0.22  6.619489
0.23  6.619489
0.24  6.619489
0.25  6.619489
0.26  6.619489
0.27  6.619489
0.28  6.619489
0.29  6.619489
0.30  6.619489
0.31  6.619489
0.32  6.619489
0.33  6.619489
0.34  6.619489
0.35  6.619489
0.36  6.619489
0.37  6.619489
0.38  6.619489
0.39  6.619489
0.40  6.619489
0.41  6.619489
0.42  6.619489
0.43  6.619489
0.44  6.619489
0.45  6.619489
0.46  6.619489
0.47  6.619489
0.48  6.619489
0.49  6.619489
0.50  6.619489
0.51  6.489695
0.52  6.364893
0.53  6.244801
0.54  6.129156
0.55  6.017717
0.56  5.910258
0.57  5.806569
0.58  5.706456
0.59  5.609736
0.60  5.516241
0.61  5.425810
0.62  5.338297
0.63  5.253562
0.64  5.171476
0.65  5.091914
0.66  5.014764
0.67  4.939917
0.68  4.867271
0.69  4.796731
0.70  4.728206
0.71  4.661612
0.72  4.596867
0.73  4.533896
0.74  4.472628
0.75  4.412992
0.76  4.354927
0.77  4.298369
0.78  4.243262
0.79  4.189550
0.80  4.137180
0.81  4.086104
0.82  4.036274
0.83  3.987644
0.84  3.940172
0.85  3.893817
0.86  3.848540
0.87  3.804304
0.88  3.761073
0.89  3.718814
0.90  3.677494
0.91  3.637082
0.92  3.597548
0.93  3.558865
0.94  3.521005
0.95  3.483941
0.96  3.447650
0.97  3.412108
0.98  3.377290
0.99  3.343176
1.00  3.309744
1.01  3.276975
1.02  3.244847
1.03  3.213344
1.04  3.182447
1.05  3.152137
1.06  3.122400
1.07  3.093219
1.08  3.064578
1.09  3.036463
1.10  3.008859
1.11  2.981752
1.12  2.955129
1.13  2.928977
1.14  2.903285
1.15  2.878039
1.16  2.853228
1.17  2.828841
1.18  2.804868
1.19  2.781298
1.20  2.758120
1.21  2.735326
1.22  2.712905
1.23  2.690849
1.24  2.669149
1.25  2.647795
1.26  2.626781
1.27  2.606098
1.28  2.585738
1.29  2.565693
1.30  2.545957
1.31  2.526522
1.32  2.507382
1.33  2.488530
1.34  2.469958
1.35  2.451662
1.36  2.433636
1.37  2.415872
1.38  2.398365
1.39  2.381111
1.40  2.364103
1.41  2.347336
1.42  2.330806
1.43  2.314507
1.44  2.298434
1.45  2.282582
1.46  2.266948
1.47  2.251527
1.48  2.236314
1.49  2.221305
1.50  2.206496
1.51  2.191884
1.52  2.177463
1.53  2.163232
1.54  2.149185
1.55  2.135319
1.56  2.121631
1.57  2.108117
1.58  2.094775
1.59  2.081600
1.60  2.068590
1.61  2.055742
1.62  2.043052
1.63  2.030518
1.64  2.018137
1.65  2.005906
1.66  1.993822
1.67  1.981883
1.68  1.970086
1.69  1.958429
1.70  1.946908
1.71  1.935523
1.72  1.924270
1.73  1.913147
1.74  1.902152
1.75  1.891282
1.76  1.880537
1.77  1.869912
1.78  1.859407
1.79  1.849019
1.80  1.838747
1.81  1.828588
1.82  1.818541
1.83  1.808603
1.84  1.798774
1.85  1.789051
1.86  1.779432
1.87  1.769917
1.88  1.760502
1.89  1.751187
1.90  1.741971
1.91  1.732850
1.92  1.723825
1.93  1.714893
1.94  1.706054
1.95  1.697305
1.96  1.688645
1.97  1.680073
1.98  1.671588
1.99  1.663188
2.00  1.654872
2.01  1.638447
2.02  1.622265
2.03  1.606321
2.04  1.590611
2.05  1.575131
2.06  1.559876
2.07  1.544841
2.08  1.530022
2.09  1.515416
2.10  1.501018
2.11  1.486824
2.12  1.472830
2.13  1.459033
2.14  1.445429
2.15  1.432015
2.16  1.418786
2.17  1.405740
2.18  1.392873
2.19  1.380182
2.20  1.367663
2.21  1.355314
2.22  1.343131
2.23  1.331112
2.24  1.319254
2.25  1.307553
2.26  1.296008
2.27  1.284614
2.28  1.273370
2.29  1.262274
2.30  1.251321
2.31  1.240511
2.32  1.229840
2.33  1.219306
2.34  1.208907
2.35  1.198640
2.36  1.188503
2.37  1.178495
2.38  1.168613
2.39  1.158854
2.40  1.149217
2.41  1.139700
2.42  1.130300
2.43  1.121016
2.44  1.111846
2.45  1.102789
2.46  1.093841
2.47  1.085002
2.48  1.076270
2.49  1.067642
2.50  1.059118
2.51  1.050696
2.52  1.042374
2.53  1.034150
2.54  1.026023
2.55  1.017991
2.56  1.010054
2.57  1.002209
2.58  0.994455
2.59  0.986790
2.60  0.979214
2.61  0.971725
2.62  0.964322
2.63  0.957002
2.64  0.949766
2.65  0.942611
2.66  0.935537
2.67  0.928543
2.68  0.921626
2.69  0.914787
2.70  0.908023
2.71  0.901334
2.72  0.894719
2.73  0.888176
2.74  0.881705
2.75  0.875304
2.76  0.868973
2.77  0.862710
2.78  0.856515
2.79  0.850386
2.80  0.844323
2.81  0.838324
2.82  0.832389
2.83  0.826517
2.84  0.820706
2.85  0.814957
2.86  0.809268
2.87  0.803638
2.88  0.798067
2.89  0.792554
2.90  0.787097
2.91  0.781697
2.92  0.776352
2.93  0.771062
2.94  0.765825
2.95  0.760642
2.96  0.755511
2.97  0.750432
2.98  0.745404
2.99  0.740427
3.00  0.735499
3.01  0.730620
3.02  0.725789
3.03  0.721007
3.04  0.716271
3.05  0.711582
3.06  0.706938
3.07  0.702340
3.08  0.697787
3.09  0.693278
3.10  0.688813
3.11  0.684390
3.12  0.680010
3.13  0.675672
3.14  0.671375
3.15  0.667119
3.16  0.662903
3.17  0.658728
3.18  0.654591
3.19  0.650494
3.20  0.646434
3.21  0.642413
3.22  0.638429
3.23  0.634482
3.24  0.630572
3.25  0.626697
3.26  0.622858
3.27  0.619055
3.28  0.615286
3.29  0.611551
3.30  0.607850
3.31  0.604183
3.32  0.600549
3.33  0.596947
3.34  0.593378
3.35  0.589841
3.36  0.586335
3.37  0.582861
3.38  0.579417
3.39  0.576003
3.40  0.572620
3.41  0.569267
3.42  0.565942
3.43  0.562647
3.44  0.559381
3.45  0.556143
3.46  0.552933
3.47  0.549750
3.48  0.546595
3.49  0.543468
3.50  0.540366
3.51  0.537292
3.52  0.534243
3.53  0.531221
3.54  0.528224
3.55  0.525252
3.56  0.522305
3.57  0.519383
3.58  0.516486
3.59  0.513612
3.60  0.510763
3.61  0.507937
3.62  0.505135
3.63  0.502356
3.64  0.499599
3.65  0.496865
3.66  0.494154
3.67  0.491465
3.68  0.488797
3.69  0.486152
3.70  0.483527
3.71  0.480924
3.72  0.478342
3.73  0.475781
3.74  0.473240
3.75  0.470719
3.76  0.468219
3.77  0.465738
3.78  0.463277
3.79  0.460836
3.80  0.458413
3.81  0.456010
3.82  0.453626
3.83  0.451260
3.84  0.448913
3.85  0.446584
3.86  0.444273
3.87  0.441980
3.88  0.439705
3.89  0.437447
3.90  0.435206
3.91  0.432983
3.92  0.430777
3.93  0.428587
3.94  0.426415
3.95  0.424258
3.96  0.422118
3.97  0.419994
3.98  0.417886
3.99  0.415794
4.00  0.413718
