SECTRUM
Elastic Response Spectrum Z
0  0  0  1
0.05  401
0.00  2.353596
0.01  2.588956
0.02  2.824315
0.03  3.059675
0.04  3.295034
0.05  3.530394
0.06  3.765754
0.07  4.001113
0.08  4.236473
0.09  4.471832
0.10  4.707192
0.11  4.942552
0.12  5.177911
0.13  5.413271
0.14  5.648630
0.15  5.883990
0.16  5.883990
0.17  5.883990
0.18  5.883990
0.19  5.883990
0.20  5.883990
0.21  5.883990
0.22  5.883990
0.23  5.883990
0.24  5.883990
0.25  5.883990
0.26  5.883990
0.27  5.883990
0.28  5.883990
0.29  5.883990
0.30  5.883990
0.31  5.883990
0.32  5.883990
0.33  5.883990
0.34  5.883990
0.35  5.883990
0.36  5.883990
0.37  5.883990
0.38  5.883990
0.39  5.883990
0.40  5.883990
0.41  5.883990
0.42  5.883990
0.43  5.883990
0.44  5.883990
0.45  5.883990
0.46  5.883990
0.47  5.883990
0.48  5.883990
0.49  5.883990
0.50  5.883990
0.51  5.768618
0.52  5.657683
0.53  5.550934
0.54  5.448139
0.55  5.349082
0.56  5.253562
0.57  5.161395
0.58  5.072405
0.59  4.986432
0.60  4.903325
0.61  4.822943
0.62  4.745153
0.63  4.669833
0.64  4.596867
0.65  4.526146
0.66  4.457568
0.67  4.391037
0.68  4.326463
0.69  4.263761
0.70  4.202850
0.71  4.143655
0.72  4.086104
0.73  4.030130
0.74  3.975669
0.75  3.922660
0.76  3.871046
0.77  3.820773
0.78  3.771788
0.79  3.724044
0.80  3.677494
0.81  3.632093
0.82  3.587799
0.83  3.544572
0.84  3.502375
0.85  3.461171
0.86  3.420924
0.87  3.381603
0.88  3.343176
0.89  3.305612
0.90  3.268883
0.91  3.232962
0.92  3.197821
0.93  3.163435
0.94  3.129782
0.95  3.096837
0.96  3.064578
0.97  3.032985
0.98  3.002036
0.99  2.971712
1.00  2.941995
1.01  2.912866
1.02  2.884309
1.03  2.856306
1.04  2.828841
1.05  2.801900
1.06  2.775467
1.07  2.749528
1.08  2.724069
1.09  2.699078
1.10  2.674541
1.11  2.650446
1.12  2.626781
1.13  2.603535
1.14  2.580697
1.15  2.558257
1.16  2.536203
1.17  2.514526
1.18  2.493216
1.19  2.472265
1.20  2.451662
1.21  2.431401
1.22  2.411471
1.23  2.391866
1.24  2.372577
1.25  2.353596
1.26  2.334917
1.27  2.316531
1.28  2.298434
1.29  2.280616
1.30  2.263073
1.31  2.245798
1.32  2.228784
1.33  2.212026
1.34  2.195519
1.35  2.179256
1.36  2.163232
1.37  2.147442
1.38  2.131880
1.39  2.116543
1.40  2.101425
1.41  2.086521
1.42  2.071827
1.43  2.057339
1.44  2.043052
1.45  2.028962
1.46  2.015065
1.47  2.001357
1.48  1.987834
1.49  1.974493
1.50  1.961330
1.51  1.948341
1.52  1.935523
1.53  1.922873
1.54  1.910386
1.55  1.898061
1.56  1.885894
1.57  1.873882
1.58  1.862022
1.59  1.850311
1.60  1.838747
1.61  1.827326
1.62  1.816046
1.63  1.804905
1.64  1.793899
1.65  1.783027
1.66  1.772286
1.67  1.761674
1.68  1.751187
1.69  1.740825
1.70  1.730585
1.71  1.720465
1.72  1.710462
1.73  1.700575
1.74  1.690802
1.75  1.681140
1.76  1.671588
1.77  1.662144
1.78  1.652806
1.79  1.643573
1.80  1.634442
1.81  1.625412
1.82  1.616481
1.83  1.607648
1.84  1.598910
1.85  1.590268
1.86  1.581718
1.87  1.573259
1.88  1.564891
1.89  1.556611
1.90  1.548418
1.91  1.540312
1.92  1.532289
1.93  1.524350
1.94  1.516492
1.95  1.508715
1.96  1.501018
1.97  1.493398
1.98  1.485856
1.99  1.478389
2.00  1.470997
2.01  1.456397
2.02  1.442013
2.03  1.427841
2.04  1.413877
2.05  1.400117
2.06  1.386556
2.07  1.373192
2.08  1.360020
2.09  1.347036
2.10  1.334238
2.11  1.321621
2.12  1.309183
2.13  1.296919
2.14  1.284826
2.15  1.272902
2.16  1.261143
2.17  1.249547
2.18  1.238109
2.19  1.226828
2.20  1.215700
2.21  1.204723
2.22  1.193895
2.23  1.183211
2.24  1.172670
2.25  1.162270
2.26  1.152007
2.27  1.141879
2.28  1.131885
2.29  1.122021
2.30  1.112285
2.31  1.102676
2.32  1.093191
2.33  1.083827
2.34  1.074584
2.35  1.065458
2.36  1.056448
2.37  1.047551
2.38  1.038767
2.39  1.030092
2.40  1.021526
2.41  1.013066
2.42  1.004711
2.43  0.996459
2.44  0.988308
2.45  0.980257
2.46  0.972303
2.47  0.964446
2.48  0.956684
2.49  0.949015
2.50  0.941438
2.51  0.933952
2.52  0.926554
2.53  0.919244
2.54  0.912020
2.55  0.904881
2.56  0.897826
2.57  0.890852
2.58  0.883960
2.59  0.877147
2.60  0.870413
2.61  0.863756
2.62  0.857175
2.63  0.850669
2.64  0.844236
2.65  0.837877
2.66  0.831589
2.67  0.825371
2.68  0.819223
2.69  0.813144
2.70  0.807132
2.71  0.801186
2.72  0.795306
2.73  0.789490
2.74  0.783738
2.75  0.778048
2.76  0.772420
2.77  0.766853
2.78  0.761346
2.79  0.755899
2.80  0.750509
2.81  0.745177
2.82  0.739901
2.83  0.734681
2.84  0.729517
2.85  0.724406
2.86  0.719349
2.87  0.714345
2.88  0.709393
2.89  0.704492
2.90  0.699642
2.91  0.694842
2.92  0.690091
2.93  0.685388
2.94  0.680734
2.95  0.676126
2.96  0.671566
2.97  0.667051
2.98  0.662582
2.99  0.658157
3.00  0.653777
3.01  0.649440
3.02  0.645146
3.03  0.640895
3.04  0.636685
3.05  0.632517
3.06  0.628390
3.07  0.624303
3.08  0.620255
3.09  0.616247
3.10  0.612278
3.11  0.608347
3.12  0.604453
3.13  0.600597
3.14  0.596778
3.15  0.592995
3.16  0.589248
3.17  0.585536
3.18  0.581859
3.19  0.578217
3.20  0.574608
3.21  0.571034
3.22  0.567493
3.23  0.563984
3.24  0.560508
3.25  0.557064
3.26  0.553652
3.27  0.550271
3.28  0.546921
3.29  0.543601
3.30  0.540311
3.31  0.537052
3.32  0.533821
3.33  0.530620
3.34  0.527447
3.35  0.524303
3.36  0.521187
3.37  0.518098
3.38  0.515037
3.39  0.512003
3.40  0.508996
3.41  0.506015
3.42  0.503060
3.43  0.500131
3.44  0.497227
3.45  0.494349
3.46  0.491496
3.47  0.488667
3.48  0.485863
3.49  0.483082
3.50  0.480326
3.51  0.477593
3.52  0.474883
3.53  0.472196
3.54  0.469532
3.55  0.466891
3.56  0.464271
3.57  0.461674
3.58  0.459098
3.59  0.456544
3.60  0.454012
3.61  0.451500
3.62  0.449009
3.63  0.446538
3.64  0.444088
3.65  0.441658
3.66  0.439248
3.67  0.436858
3.68  0.434487
3.69  0.432135
3.70  0.429802
3.71  0.427488
3.72  0.425193
3.73  0.422916
3.74  0.420658
3.75  0.418417
3.76  0.416194
3.77  0.413989
3.78  0.411802
3.79  0.409632
3.80  0.407479
3.81  0.405342
3.82  0.403223
3.83  0.401120
3.84  0.399034
3.85  0.396963
3.86  0.394909
3.87  0.392871
3.88  0.390849
3.89  0.388842
3.90  0.386850
3.91  0.384874
3.92  0.382913
3.93  0.380967
3.94  0.379035
3.95  0.377118
3.96  0.375216
3.97  0.373328
3.98  0.371455
3.99  0.369595
4.00  0.367749
